157
326781
263329
-234955
-550769
-761392
258557
-771641
-288278
-159988
-496551
102533
151975
-163294
341994
166104
-533101
-422151
-850144
-275999
-233457
-762565
-166756
142401
-391805
273151
-614200
283962
-945335
-901796
-908185
-85796
-925076
-471243
104887
-165717
-842968
-318043
-834530
-120101
-65940
5451
-972192
143657
-111924
-158535
-63762
-83733
-763917
-267230
-442276
-590445
-851534
-333976
-880370
-585781
-374599
-248373
-695697
-522859
271770
-233041
-163183
-69218
84329
-388802
-827944
90231
227918
-34090
-317981
-957271
-65669
-630795
121256
-389481
242715
-610290
-820763
127389
31564
-352231
-316363
258301
179427
-661458
215233
-69494
-739695
359326
169516
-556759
-476246
198164
-981745
-876343
-8760
227395
-736096
-66709
-114252
-813070
-430614
-95961
-437783
164111
-150798
-975234
-173348
321948
-733779
-720466
-127631
-779422
272134
356109
296927
-574741
86998
-144294
280172
-414072
163545
294951
-783744
-321509
132020
359326
-248744
-8329
8899
-37496
-126704
137059
-418649
-923752
-285297
-494442
-529471
64339
-755300
-259761
85506
219258
-971070
-996402
212997
-385918
-913286
-764626
335900
-493005
-370376
-551419
-926540
-88831
-124296
-700548
