181
-946567
-537669
10734
385708
274401
-24718
-184298
-451781
51974
-4422
-602874
326590
-500955
-339731
-228506
-36830
-466220
150962
-554806
-514772
-707006
158704
113558
-372166
235225
-391125
348187
-673481
-198229
-744476
-803745
135899
-551838
236014
-268554
132337
-558792
98688
-320884
-324664
-127517
-573160
-970029
-659817
-145934
-887997
104899
211533
-195262
196375
-983995
-446795
-192238
-398420
-127977
-541681
-688588
-121693
-729433
-711495
-168615
200845
379160
-134278
388827
-195823
-77417
227791
-566488
-871234
-947300
252969
325215
-811458
-384233
300992
-801591
388827
-403910
263004
-881878
374208
224150
-260053
254828
-711264
-407238
-962132
143440
-836221
340809
-128718
301889
-730417
300251
-566342
388827
-756248
-809389
302016
-279497
-884068
-740394
-124018
-932647
-988803
-186728
270442
287518
-628794
55064
-934621
-470571
-602675
126561
-8848
-133732
-673700
-413629
-348759
-636673
147907
-817142
-332368
329740
-538420
-816728
-863431
-412458
254540
152458
-600926
-539144
-817269
-86846
-101920
-311115
94439
-862584
-650328
-290450
-554090
-166564
255803
-379139
131923
-984914
-802386
-827278
388827
-761305
-550361
-815788
-20856
-594371
-643822
-715899
-471126
163347
-678503
-126301
-30084
119290
-26043
388827
-823794
90577
-451834
-879045
101562
229794
-724294
-926232
114333
-772345
-159482
-580748
-130883
-98882
372457
-409821
