109
-819447
149593
418329
-771891
-161065
-942712
-298172
374209
-487194
-99683
-315809
-402869
312390
-602275
-27778
296834
-428539
290240
119008
-573257
-618139
-204485
-591996
-272611
-835408
-839023
-699065
-778889
-856359
-352274
-328426
-513290
-92536
-338216
-780397
-13211
174670
152187
-195576
-160119
294556
-282423
-139357
-529356
194364
-733609
-446882
-146805
203852
-114080
-761813
-912683
-854908
-32444
-908442
-527446
-799454
-810928
246928
-76430
-583457
-771775
418329
-3647
-520019
-971774
394491
-789780
-651237
-430859
-981533
-741586
-719661
-804804
-854353
278447
418329
-95669
-710301
-740694
-292726
400213
113261
418329
-174448
-21291
12691
114214
-858197
-159204
-578058
-470551
188472
-22761
177836
-31072
70742
406927
235071
49052
-57550
-689093
-364018
-201225
-17172
-176451
-338283
-822890
366743
