157
-629954
-479196
425333
77930
128001
-984303
323805
178414
439647
321045
-12970
-978489
-914924
192008
255304
-613740
-697133
-497836
-610385
-358036
403788
-88425
-139461
-666315
406184
-848508
-830386
-995538
-123450
-201758
-338847
-638362
-734793
-727733
-814786
-390910
439647
402478
-241593
-135909
-497573
-275602
-468658
-831714
-485098
206209
4891
-295350
-850510
-338606
-666902
-796299
-546491
302816
439647
-337688
366776
-132643
-672897
-878210
-984982
-35825
-713792
-857271
68876
-870382
-280615
266701
426979
-105933
-929333
161731
-972374
-33129
-459033
-677416
-950067
-58990
136183
-590677
-409906
156241
-620491
-866958
-883485
-297295
-608782
-459563
-554378
-996763
332976
170546
364292
-691597
-676248
378872
-543617
-313960
-919450
120780
90412
-152384
-135128
-898937
203558
206446
225794
-974091
-603495
133274
-141188
-846825
-683321
-178706
-931406
439647
-289177
-27735
-824141
-292674
346401
-912708
86532
-101143
-618637
436335
-78854
-984079
-985745
248573
370755
-671715
-458118
-99757
-534978
-618875
206671
402357
-786338
-480299
-644806
314746
144459
-878545
-705122
-499701
-125152
-636123
-630064
188616
-101906
352643
333241
-619325
-978216
342915
-545865
