85
32860
-564303
249773
-973119
-389431
402892
-35005
75654
-624927
-894691
-824929
-522948
-595789
-287458
-408905
-992586
-623904
-99424
244745
363751
36917
34836
-757173
-772978
463217
-397128
-692766
217518
-489416
-483961
-880501
299623
-789409
174385
-765683
-508320
250632
304945
164091
371766
318575
-155895
-332454
282239
297348
-987455
-168380
318828
400293
93534
-905710
-447899
215867
-702483
-683275
-16909
139721
109568
-653350
453739
-192056
-198546
-807217
87114
-478108
-471435
-390921
357810
-822542
338579
-620274
249957
-52396
267661
266024
-188601
419096
-720273
469149
-891321
-569474
-989088
-984055
-738722
-522078
