133
258187
-387606
-272093
-456970
-759265
270285
462867
-753823
-605040
-235534
-321950
-520940
472833
-280039
-199981
-870583
-703375
-83755
408361
-83426
138517
464474
218301
208841
-870527
-768601
-679759
475534
-258335
-66473
-707776
-462672
-211771
266306
-64905
132263
113332
454249
-100762
477662
-846834
130286
158085
-240352
-68193
-405442
-351771
-923985
-681527
91046
-321097
-615999
-992980
-178300
323487
-369173
-876141
322111
108280
-622016
-602572
-948507
448916
-349650
27063
-550151
-860997
3684
473428
436315
-271940
-533073
-896564
-294359
-108764
-79845
235810
-358844
-654054
126364
491153
-475861
-75081
-23434
-935743
451572
316322
-535607
137999
249680
-185655
-22575
-575643
-355346
347944
-548952
-692476
-726481
44296
-245533
-172329
-733191
461379
-534943
-592865
-34278
-151368
-995349
-291975
-175923
389894
129823
-771374
291903
-655102
248616
-304692
380559
104650
145544
118652
441233
-74919
432509
-836140
-812772
-409771
-613616
-912906
-607872
-228287
-375650
-834700
