157
356749
143818
320336
-419905
-600895
-466818
243574
211637
-481136
-907402
-375597
446659
-999328
-539286
-971095
13661
217214
424678
-177290
-221567
-167775
-428997
-477924
-538558
14332
-410683
-799993
225670
-303320
-391978
98714
-376495
-925937
412266
394530
88536
-57358
-711206
-856519
-140113
-998628
202185
-63444
-141212
-866499
-622910
-392258
-325431
-629391
-418289
-510013
-728267
-301066
251443
385894
-667156
189385
-499182
257659
-872253
210578
-645404
483655
-436931
130155
-403507
-669783
-867080
-810867
-862864
137586
-724735
411234
178663
253075
15916
298756
-372155
-489688
361820
-961763
-75108
401301
-95151
-565787
483655
253781
-835459
-103552
-907950
335452
355126
-418843
-788596
-181282
171576
400840
391596
393006
341728
-999464
-62519
-26257
-998159
468290
-725719
-7873
-433701
-719252
-746669
-351297
-119889
483655
-997659
191636
127364
-709899
290286
-997359
-740458
309832
105965
387419
-503359
-560919
22200
-505357
208458
-311050
-972546
-243400
168687
-458603
-224130
405866
-62590
-551334
352013
116432
-270519
-492099
-117051
-385581
-409535
285258
-727640
-811343
20279
-239609
462449
-232525
-838187
-59175
-219061
-393313
-520613
-975529
