143
178978
877308
11256
-766671
218677
224495
554082
-996039
234318
-108932
435271
-46393
-470667
478407
634441
606707
448805
337876
-83841
-271784
795628
644165
-759856
-750778
738428
328635
437268
-141326
-643343
612928
870083
231913
218822
-354796
644815
131472
-521668
-373595
257973
-127587
-419508
-267713
909052
318597
865813
26977
-228655
674141
-305202
-184022
-216304
-815888
374960
-753015
-268229
-995229
198961
400007
-760568
-118405
-253392
-992223
538960
892764
762504
-45048
-127223
-567075
-102087
-938505
-152765
-646561
10179
-291492
341381
-633340
-802173
-845230
271937
811764
659559
826690
-318045
346718
354086
-397001
692404
-671708
877461
667645
-534259
873431
-332
617658
-767729
752844
-268491
-557031
-687481
682029
625601
167746
-50093
875592
531397
-397146
-761790
-927714
132106
-899715
49104
652539
-14716
915598
915598
556855
524104
736415
-722089
869214
-637211
-115719
-731767
834572
893447
-975101
242978
-179605
-426668
259276
-599355
896441
-702135
682020
105293
-448450
-370933
530358
-986052
198689
-904589
-888455
298429
