97
-235931
-460332
269393
-407453
-11748
588947
-992157
631572
645614
-633635
15802
-877017
-320252
840558
-311982
-42374
144743
-225723
-167221
99213
430655
-652033
-499289
-494394
342926
-850174
289433
-700477
-108178
850682
-129907
-851900
-339868
-284961
164193
-299334
-54324
719102
2585
-62081
535086
-409265
912246
-78201
757467
423400
430934
180288
-699146
44113
-422139
283894
406189
593408
-723188
713542
614583
620786
-433785
603703
348950
197653
-648173
889051
-868052
-19694
-529698
-260150
122360
982157
-140702
-733375
41877
-598373
634436
978096
406513
373839
509706
681634
-176789
-817745
486005
-579560
407680
-844650
-533715
-922003
-645212
-144836
-240270
-398273
902286
-6602
696176
-848603
312451
