153
187521
-729389
-638770
-41997
-798475
844566
-124108
-183990
-863087
-692998
-67683
-11717
102385
115495
541067
-72238
43445
610459
-986223
-388566
945172
-584959
-826436
110244
168595
192948
-30514
-852370
-577121
-329738
667953
717822
36993
-617495
-210783
671809
24676
141745
182969
-472377
391609
674543
954159
955012
739565
-618199
604542
-408858
-671311
-115294
524647
266729
728273
-7560
50926
762160
520831
426814
-129421
-517690
682656
329223
-514568
280156
734078
-758152
-997705
-348297
97122
987774
-708535
865138
757617
-581825
323256
-519901
-947195
109424
567997
-59461
140547
-738805
-505613
-367048
-290783
591777
-737807
-230621
-739385
-262124
-945494
-15954
-944753
-699774
-733516
365141
342512
77500
-150945
850992
-799420
302655
663708
-436017
690360
-914938
226618
-834816
-270364
915100
914861
509581
-627842
-802290
538125
-427402
378584
580787
-705718
-843533
943729
-638000
-271162
896546
-108282
-797617
919165
-194471
494944
-668799
840879
-903062
-212556
-583071
698706
126899
88456
-792281
35833
49811
229365
625778
-904310
339258
292962
571883
-197531
321771
-931702
373199
423352
-799393
383144
