73
-167215
737398
326500
574269
339774
951709
344768
-556920
382563
193432
-109425
337044
-637259
-261222
386943
863794
943759
63401
-409909
-213103
-846607
511802
506751
-104863
-967607
-320343
341124
540074
705835
-353485
-869895
-916670
742849
782702
-349234
576731
64176
853066
-775876
343142
-694316
-685480
-10700
940006
-786812
-621572
-273803
282384
874219
-194997
-470349
-643779
-677149
-308043
920557
-164494
-959583
231754
-473998
-546775
-213713
429859
-979377
458283
31902
-708029
-231709
139241
-880646
-58455
-27303
-419495
129671
