153
838279
802202
481681
-345936
-343555
251248
646841
254590
119512
992129
-206281
-477267
-17489
735073
-885762
833183
805997
-612624
312551
537803
-193571
-422438
-487209
284668
756712
209489
392814
843847
-480153
372646
390117
-981440
-244138
-149635
-891031
-518833
-950250
21881
445664
-216784
104655
-24918
129577
-41788
-429164
-631692
-41762
-650372
349509
-336033
516293
-606304
-627561
818877
592672
20694
529475
877574
450937
-690771
188772
662064
661048
964294
931857
603637
66280
538632
18275
-64216
-850682
929237
217465
-520359
596343
-509412
513170
574115
586507
-548130
803591
482298
602745
-40099
-624486
527851
854010
158624
65790
370375
580837
707353
297949
-953194
546507
-46075
402633
-664580
56423
-235271
-549762
-348749
-461592
-107911
-803380
-349861
-529136
-988698
-637957
230491
892019
-595954
107922
613959
683934
541003
-894863
165179
654708
368942
522218
670859
691505
668507
673312
-966065
60242
-382246
-943270
-581576
-461574
22555
-644166
-68837
795414
-28069
-637821
888626
515406
870161
-967540
-386609
-522074
-478662
-925335
71306
22551
223184
-750719
-544157
515096
604782
-753183
