73
-383533
-765865
-553049
-694820
696619
428094
-953987
-118340
400013
-51738
-248024
-30432
-757133
-578422
-941812
804065
741162
-194533
917236
713266
-950498
674322
845978
-895588
-379490
-234099
764452
-798563
802802
-685952
-182583
-714005
461718
215709
-64333
-515837
124102
-301650
550041
-407746
-981270
-419792
199571
41281
-920690
428157
-920107
40870
929890
-415736
486446
385114
-998130
-516459
497155
59188
14210
780588
-830419
216923
-707598
-272152
-740539
-857580
-735467
-283018
832277
-37053
-959493
889556
-99747
679456
-410480
