188
595790
359510
-511319
353390
-371502
847487
-792606
738441
667492
279592
-796148
-14267
-255576
360013
17946
994468
34400
994225
355379
-346186
616614
572349
397593
711436
91069
-682808
474370
556527
112622
-918266
-555852
319939
221238
-499291
698301
-294139
932170
368640
-918236
819953
821068
541714
654654
249619
-736914
474980
-745925
88342
593005
96969
-919687
-741525
-658331
-238329
-592839
-559774
100918
-885469
201629
239016
-527046
-762974
-501832
-105523
-176003
359464
-199686
-178707
-984135
-33000
755146
282144
865219
-651308
-313244
904759
-622478
184175
630902
69976
-994191
653646
-482342
-704441
-283235
228223
-483612
805604
948553
676804
-486976
975591
-290578
-230253
242063
334127
-974755
461662
400476
-85761
-461417
-31192
-325595
-168248
-471142
-9044
-942143
427144
262590
-363139
-548025
869597
664606
64141
-524716
589384
-917496
-947834
287817
-205365
702024
-997494
173264
-619008
-809176
76744
671197
955645
-544636
-852291
655309
280956
-551383
227385
-260206
-284622
990509
-333110
-143445
968504
-595305
334779
-707528
-905637
445976
-926406
-516234
-283833
491422
-520649
395857
298050
992116
-646499
901611
855979
2338
-509428
729308
-51121
115728
115730
-55887
845163
-361777
435473
658455
852614
-185542
-15003
644345
760507
-14188
-580972
800792
451980
-359977
904618
922038
546515
-443088
-889595
129375
-161148
-618718
95913
-592366
234821
