90
-406914
-431718
634849
834193
-790982
491847
-772868
88020
-476972
-688749
-182122
-454379
-10463
-404468
693006
821477
952555
-79577
-753074
-421121
-439049
-14031
105349
-668725
351196
829879
-897311
-134568
-323449
711763
-560185
-475040
362451
374915
100483
716444
-631682
-163736
627141
731220
-283033
597797
882235
-194177
-186058
597008
778566
208124
204670
990900
623919
-457245
-264481
-632479
-674569
-345359
-642612
-39999
444824
839335
-484630
-731965
742934
-445598
295416
547151
-617845
749464
127977
414324
-640264
-954414
58425
-979256
142920
659241
-892754
-602721
-203018
33822
867299
-746140
-364706
750349
-155894
951259
157667
983825
202649
184792
-864431
