138
-81535
362448
663464
136426
-542856
677763
-869967
307310
14328
188666
699543
410920
412175
-94679
511203
-173536
-85522
826308
427925
993027
-22605
-883734
743351
901062
-788283
838150
-182407
678689
242461
-468656
-699104
-905318
-295541
42382
760359
652734
-552682
-741094
807526
320924
608342
-220323
-12630
-126113
732818
590261
952174
-381022
232506
831493
-429295
588813
-907547
766554
127915
-268370
-638290
-332045
-215961
752794
-150923
434456
-186685
847435
960769
773841
914149
661317
-862410
419941
-144874
-488827
-162614
-962708
-237962
-838756
-148386
-867136
792051
-678902
247858
-667200
-293101
934490
-854357
387685
988427
-324794
-926376
-30570
-632877
-897844
-603074
-59763
-456550
-569947
488898
-783965
739461
-492568
357454
257431
345186
299688
972899
-278629
149677
981388
436369
-131174
-686943
863277
143505
270615
441679
-630588
-346646
-284798
851483
-522677
-870231
-156667
-434218
-181046
-206692
-793541
-188908
-899393
538555
162549
-213740
-587255
-941254
500136
117981
281186
-120127
-218
942768
