162
598580
-268840
691956
850766
-439459
-208614
-470794
899529
-740023
-924904
-307349
759682
-327470
-443025
-579699
762495
814792
-755601
67461
301414
-751161
-850197
-888612
657584
75515
394562
-845621
-865647
490564
472746
-335025
-539809
410316
-557422
523835
655731
-513182
-966550
883532
199665
487566
321581
-977489
922104
-793559
586888
73829
310220
714813
849864
575710
-321696
721885
-470708
32398
804977
846446
-429031
404610
723710
952708
-499760
-651494
60413
230222
-141185
-319856
85632
61749
-626289
-428791
-640534
146219
-940248
571597
447098
174760
-985158
352808
384088
-90234
-145156
225276
-462495
-671977
-362491
-113620
-979103
-456036
875935
531937
-692499
-526593
-888924
366696
-899853
-13498
-759809
840340
987487
657303
-164133
790963
91390
-624398
-151545
971072
-588694
827045
242859
307346
-958292
-211258
124677
-441221
-545886
132409
-633227
964487
-758263
-723989
887317
-710978
737426
786124
737903
-669445
49812
186095
-347256
-280640
353825
202464
618361
-340416
-9176
957017
-55473
-661201
-60323
423946
-702007
-651248
60481
976146
776789
-674378
-168515
-618032
-778657
847718
515100
817320
-818883
-955237
268040
-959699
-495144
-353301
-86808
875844
-777355
-562436
