90
243843
-871757
-244700
-532970
-364433
-101471
963231
-438550
-529225
31229
-320720
-821855
834812
215110
-733823
761749
-186820
-337510
643774
-459901
491912
-816660
444576
-522672
939313
916123
-473983
526797
-226482
-585853
-838022
762478
81320
-192078
385384
589025
-473682
-255229
-46942
-19668
-598358
961559
-907495
907099
714917
583515
-804516
-33390
260341
770160
-447658
669722
-585463
193957
902029
-121677
331181
410761
88403
-368598
84709
-399123
-53080
238540
562899
-62691
446141
573170
49130
425557
252442
-890314
-481726
117063
-520771
-365122
-467242
-166402
-184509
-454848
565194
376888
-291199
112150
475552
-147518
784335
366589
979453
817291
-303249
