138
-297853
-105962
749063
-167514
877212
154148
-168721
745889
996927
-28134
560944
-54630
292301
-411879
-915626
-302968
677030
-494848
-175228
954247
-126496
-721214
-917423
81966
764983
924393
-793930
-659948
-597350
-801124
-11791
360570
458181
-524611
-954741
-439834
570467
202265
105071
-360261
-741835
-919783
99567
-59690
627312
-458084
-630908
-622536
288177
610754
-437649
-284220
-263379
-407011
-323858
-73058
-727720
216789
-600752
-455138
-644808
767298
52154
566423
95325
-801149
-958645
485023
-941257
-632049
-315392
-355024
262384
-901241
-901654
-828267
-786097
632406
-126217
832429
980604
553902
-219595
324661
-222911
323759
580243
64451
913651
700003
991528
-174537
-297150
-313182
823473
-16014
-485833
473956
-983468
421169
607111
-393973
185035
-435429
-520841
-678701
-606077
827506
-966076
317143
353437
722892
781194
-284766
685562
407520
379908
-672035
211907
689798
-256890
-847809
528449
-507159
603274
-863915
952170
-150389
-899659
-715377
553511
338361
627136
-20483
-750459
-908634
-846405
-389014
-507957
