66
-652589
-737250
777556
-516397
952238
-703858
300155
372960
-792276
-106852
519202
363835
-447344
176553
-6527
702767
-422657
958095
-633766
-772218
-855053
347175
-549385
-133141
-371220
-554046
612560
-232653
685605
-922945
-612861
-337144
-835964
875586
-156414
528312
-453256
-121265
209449
-551223
-862611
-377879
169560
-74695
-927437
573394
490748
68706
770483
531051
-495867
-257951
-633949
257655
-391005
-999713
757016
-943420
-916959
-484223
-477955
798231
552493
744550
428002
-751026
-192648
