90
27526
659833
-159101
197942
-944366
-625086
699328
965179
-511775
-185570
-459318
810670
714938
863059
902572
702020
575732
-623815
-57453
466468
-646831
-556065
783803
-348248
492578
932664
-79025
223012
933708
18458
884143
965143
-101737
275781
-294865
531309
551393
590056
285456
-770556
-885312
-772753
-795298
-89700
-453813
598392
577552
-274904
316012
451347
509138
761838
58704
-42829
-486522
-961218
-723398
959596
738464
423470
625677
898867
-877465
922678
760678
-602829
573349
-637977
68357
-626433
179998
110563
978124
-786620
717465
708589
895049
-666861
897224
-943518
263089
-402010
788788
439099
-921374
725334
-658701
755833
-215373
513012
257933
