84
-638416
-548653
-243937
-433337
849265
-284465
-573316
194888
-455094
196107
-994071
408371
54213
-885012
953231
893170
-192641
-888001
804378
98629
683689
273574
-997770
439032
99340
-904681
322478
87584
-102649
942817
-957760
696799
923557
160586
-330557
-215139
354812
-485827
-293679
676476
2949
583627
-340506
231717
-743661
-316561
-398293
-918674
-503179
-956245
126371
-419442
-294150
-400993
-515849
409697
843724
-609475
115089
474649
-297403
307409
-173949
-503394
120391
-108544
775390
-203945
-978518
-600834
-681194
997883
-153085
967811
188760
585904
-858522
-792385
-110193
-549465
-915251
627177
-269830
-437755
-846809
