141
-954221
-855265
-958256
-942539
-858616
-917745
-902605
-913585
-885617
-923313
-936233
-924939
-936908
-918581
-912908
-961458
-922375
-952827
-981645
-911531
-939567
-872301
-999820
-886182
-986075
-853729
-874935
-914686
-855981
-920346
-882439
-904381
-969047
-876742
-923970
-903447
-935570
-930688
-875769
-976876
-895654
-882125
-924297
-864201
-958822
-851233
-932764
-853861
-862515
-998618
-917031
-895398
-998263
-928193
-866540
-918556
-851370
-989582
-986872
-931843
-962639
-910947
-871332
-956483
-974709
-925774
-907029
-853489
-862008
-874058
-987838
-851790
-974911
-923068
-937818
-861125
-868414
-972792
-908917
-964463
-950644
-986683
-949859
-902160
-947500
-880176
-866501
-927257
-957886
-998254
-913161
-909990
-894988
-859255
-983785
-838849
-867968
-969352
-887225
-849769
-904219
-998955
-960270
-850779
-989206
-905341
-921149
-978140
-867520
-878610
-900089
-953302
-907663
-879625
-894175
-913535
-848169
-886541
-856058
-946135
-864733
-849750
-910529
-958507
-897961
-932263
-922390
-976534
-962484
-844111
-951366
-903549
-996435
-978219
-930317
-844817
-886534
-957600
-945041
-883023
-939769
