69
-181487
-879955
-853271
-583440
-419776
-227677
-992891
-158733
-563769
-483849
-302859
-392096
-529696
-995895
-182291
-389482
-577084
-961738
-710051
-561463
-540994
-313788
-639920
-544468
-431580
-441762
-346489
-204941
-739816
-898027
-241247
-716511
-353828
-693218
-564228
-932591
-730881
-981451
-735063
-900795
-700839
-305291
-602541
-241994
-251665
-690742
-714791
-331502
-269708
-472751
-258320
-383827
-502318
-256393
-418930
-916267
-919049
-350234
-588307
-365467
-868544
-218613
-413180
-640114
-465234
-711189
-307371
-376643
-431921
