93
-82431
-887520
-696442
59997
505855
-401798
-608776
-112851
-630606
-746568
467021
-740138
511548
-76596
-486357
411299
-897457
-194181
169645
-48044
-606621
474222
-570431
-703809
256620
-596500
-811426
-297564
-694075
-223230
-776016
-46262
-853379
-115395
498844
-705042
477676
-826493
-704770
521382
-362655
520689
-924650
105862
287028
-2167
-382298
-766836
-717459
36666
-668603
-514905
-888846
354151
224581
32417
-790610
-332475
-16715
-906071
-383953
336849
-58718
210740
-171729
-863092
-522471
10738
-684098
329193
-939476
32626
9526
-438856
490725
-71499
1339
365873
267278
-125285
395432
-690235
-254446
61697
-625255
330998
-790486
369956
-238980
-142735
-50443
-992481
110007
