142
-815511
-650347
-244461
-609262
-282440
-345059
-530484
-877330
-211058
-717608
-529924
-693695
-861047
-353772
-503699
-236874
-419620
-90017
-382473
-534118
-814902
-431378
-930889
-529483
-703409
-603111
-426624
-981534
-174933
-580660
-359854
-611590
-530186
-557238
-634879
-534327
-313185
-219895
-505133
-420111
-803576
-917548
-197690
-218651
-647162
-619350
-978009
-893810
-802782
-152036
-207429
-216630
-807014
-183150
-575430
-766808
-370144
-458713
-121105
-468851
-644710
-367607
-651014
-732462
-924416
-623686
-484754
-914461
-349982
-850415
-343213
-515999
-633696
-216742
-124539
-173567
-486065
-400238
-978413
-125396
-190629
-376628
-571263
-196099
-342721
-583122
-525370
-571418
-112466
-466028
-605745
-907189
-937106
-872084
-908774
-578299
-830984
-373319
-879588
-405984
-826598
-501167
-921764
-174211
-465643
-207713
-390987
-639855
-943458
-623039
-429256
-232860
-495775
-877206
-722841
-580781
-961222
-761502
-928901
-656113
-113382
-835551
-933792
-148388
-173944
-326408
-764620
-909869
-214947
-272216
-903125
-519712
-241785
-567224
-714674
-882076
-512601
-595421
-957321
-287724
-402061
-739016
