70
407762
-77895
-57212
303969
-993427
-387955
-821146
-412587
-734782
367867
-832653
-783981
286222
-541479
-158157
233326
-341390
-911867
-59831
312718
-749763
209038
10136
201840
-409336
163470
-242995
446508
502554
-211218
-819056
-524127
266655
-51159
-320270
-509669
45238
-509090
-518571
427602
33742
-63945
-352059
-680376
-435007
-246608
119433
-404755
-449776
139208
-442282
-730578
225582
317273
-838148
26702
-782834
590098
-148218
152954
-357594
-321052
-427509
-981606
296430
215637
-831264
553384
-346761
-166084
