94
-908244
-926410
-861041
-855629
-739350
-806979
-971179
-833842
-919560
-844618
-995155
-903788
-891305
-809208
-939930
-774348
-798338
-847601
-768551
-750367
-749704
-852110
-908372
-782809
-998511
-826994
-897292
-987865
-910942
-842201
-989655
-984347
-744681
-999168
-890372
-919243
-814891
-837558
-879587
-962134
-853942
-748698
-868412
-808709
-974127
-768737
-914178
-735234
-891702
-847702
-925784
-838167
-770254
-732114
-771866
-758375
-812271
-881737
-890873
-867406
-944205
-908627
-980577
-850067
-861192
-913059
-950319
-957462
-873664
-807513
-914958
-984919
-739921
-927190
-988802
-825537
-729788
-798477
-756721
-755586
-757464
-828427
-738968
-793420
-898041
-749029
-928687
-932958
-949096
-779398
-926324
-912762
-991546
-767594
