142
207072
-668088
-469802
539283
323052
-257245
-924375
-409432
109252
-703031
413977
192093
630443
493337
477818
108997
365334
-227901
-160375
-106959
-808157
-621765
-375809
54706
460096
-653543
626362
-861429
-530757
-330702
-696417
-97869
-247267
-46709
482188
501853
224202
-476152
42375
-764925
-138156
-74658
-91904
-748597
504708
-204622
26407
-479247
-288811
-831549
45236
-519801
-900642
-141292
-717079
-603044
589728
-559076
-730928
436873
-673098
-667944
50334
-319037
-720324
54549
-859875
-279653
161497
544887
3967
564932
301845
-226049
-308223
-386007
-284901
480649
308209
-921360
-470552
-733345
274640
289485
372618
-94320
-538779
-679431
-547394
-36358
-782304
406011
235843
-227167
-625381
-560638
281780
-776574
-706920
-499576
217774
-762995
328353
55353
112607
-305773
515275
575350
342717
128108
-111224
472583
-86067
395446
496470
431273
-440388
-158040
-380315
-660983
-64383
-89532
191848
254855
518541
-871134
477381
-20128
-412506
104755
-847448
-841507
-672580
-387706
-352132
375817
353743
-194854
-49161
-53314
193631
356679
