139
-537
-347
931
504
-174
-814
-716
895
154
712
-36
109
-537
568
-931
854
732
301
-755
-663
-694
162
242
-987
827
471
46
953
858
721
918
-70
417
-992
-238
540
968
-542
-888
690
-379
-615
-75
-46
689
351
-691
527
-466
-812
-624
227
-349
-178
-446
-536
962
-764
971
941
-234
640
-801
412
577
18
-957
245
758
-144
-769
-508
244
410
209
591
-682
-435
-489
781
586
-455
-111
-20
-387
-444
368
-960
-369
477
-726
-418
707
-683
750
88
684
-67
704
-891
772
165
-433
324
-614
737
618
-342
-72
460
-985
10
-920
-33
104
-58
534
-247
366
343
469
882
730
-948
506
-148
234
121
-174
560
-254
-28
-773
-83
-88
-456
17
184
893
