187
-337
568
919
307
-555
141
-351
30
-263
799
-901
-885
-920
615
500
-187
567
670
-664
238
-717
-117
647
672
682
-341
-275
968
-538
-138
-825
258
130
587
495
-942
-695
-910
-104
608
-845
918
-253
970
245
593
-508
-48
-830
998
-740
-647
-738
-299
-242
-155
880
930
642
147
638
22
153
-834
-945
-544
635
856
-478
174
-372
124
345
979
-754
-130
394
-219
-438
-990
-424
755
877
221
966
-66
453
543
-361
703
-496
414
174
-70
796
-766
388
480
-313
-731
699
481
-810
-735
103
-394
151
-132
778
-872
351
148
812
-199
-622
328
-379
-470
-433
-96
232
826
851
-1
-832
341
-71
-956
499
348
655
693
169
746
-930
-29
-596
406
-272
-815
471
-239
907
678
411
801
-515
370
595
-170
869
-605
-857
-233
136
-626
-685
-745
-871
-631
410
-964
495
-533
743
797
538
610
557
168
226
800
-170
463
-726
434
-115
-25
809
-304
86
-212
-854
-852
747
595
633
