139
-138
-517
-791
-777
-124
793
-871
-835
-908
0
818
-107
697
360
743
544
-714
153
-574
-560
958
793
751
914
-48
-267
821
754
66
192
319
-601
-157
-418
999
464
-430
723
-205
-360
992
377
454
872
916
533
-325
492
806
504
-855
781
-824
997
34
-77
-317
321
12
-648
92
290
-82
222
-467
82
527
883
-828
493
-788
-714
748
-755
-832
-549
356
-817
426
657
-548
-620
-439
-955
318
542
538
-769
179
928
36
716
-661
-41
28
684
393
-88
899
617
-186
797
-374
-377
820
704
-900
78
-372
99
-615
587
773
219
955
-401
-479
-161
842
653
-818
238
973
-170
-169
246
509
-844
869
437
449
529
-76
459
228
397
-95
398
563
