187
593
398
969
140
308
560
-506
301
-438
389
-48
-800
12
105
173
-195
-879
-593
632
-773
935
-372
270
-314
-193
922
-615
-649
-142
-667
-309
-273
-445
276
618
983
-93
355
277
-443
828
-91
-26
471
-716
473
-142
219
140
-875
446
-677
-910
876
238
-582
-399
-288
569
559
661
-327
570
163
85
-480
-998
379
-365
811
-392
148
-265
700
206
-967
849
-602
477
888
-744
-526
320
172
858
336
623
-966
-699
268
568
433
-308
802
73
132
97
459
111
-35
-843
227
-167
-20
-766
688
634
288
-637
-931
420
-391
504
637
229
-901
-506
-384
346
214
133
766
-907
-339
-694
-963
-985
967
354
225
-644
365
-20
757
-615
-876
-709
-496
513
298
-308
235
-302
-438
-796
675
-899
848
-16
-142
281
561
-336
-838
-115
78
0
-922
-944
-948
-913
739
460
958
41
428
518
-593
992
-188
172
-182
849
841
-468
-742
-66
157
300
-91
771
794
-79
-743
658
276
-533
