115
136
-552
-330
-668
-440
-380
677
311
797
433
369
146
414
-288
-112
20
747
149
-31
-615
886
792
-971
-42
36
215
-510
-47
160
55
-446
183
970
-785
-537
571
-367
-829
935
-333
-848
639
-672
573
-823
-557
-608
-626
994
764
123
-114
-688
258
897
-949
3
-556
812
-245
-206
922
896
-53
475
-167
913
-467
-540
262
693
21
-506
239
167
267
830
-901
908
596
-363
-478
371
-859
383
-183
-449
-621
-137
824
506
177
-460
-335
-169
-294
-609
-862
-549
45
-30
385
786
-549
-293
85
817
-456
-654
149
-63
829
-365
403
-577
