139
793
198
-742
-360
-73
-789
-141
322
-855
-410
-329
207
743
-150
-397
536
956
-223
-694
128
-277
-348
675
-656
192
-191
-936
252
462
475
834
-247
154
-730
236
388
245
-899
175
-525
664
254
-204
373
-45
-702
927
-356
661
-181
331
751
-768
755
442
-201
405
-897
241
651
-771
170
-477
918
564
-156
-292
990
-715
828
5
196
138
80
128
-802
-75
499
-359
-581
247
684
-693
413
210
715
708
-579
-461
494
-88
735
274
529
-996
-419
686
-995
208
-990
-30
241
-846
922
-49
-215
469
499
516
926
-547
934
-349
471
388
372
280
-607
735
962
782
710
-785
608
-918
57
-404
776
-975
12
-850
-915
-266
-415
544
-678
-207
611
233
