118
-545
-632
667
733
-501
435
942
397
-507
258
448
-327
410
161
333
-203
213
-537
760
-39
102
-1000
-372
81
-757
-176
-535
-213
818
-499
-227
584
147
-326
233
-62
-177
191
641
298
-872
-304
488
-147
-954
-995
-352
-882
-416
146
-963
-262
-461
-385
611
-371
265
-931
-205
-136
799
-861
-314
-13
-926
496
-257
183
-633
345
898
-365
869
-826
-917
776
-970
-913
-684
-843
706
-831
388
-634
583
446
614
795
556
356
-409
-873
-655
884
-61
-881
-200
-634
-729
346
657
613
146
-850
371
972
342
-736
763
-308
566
-791
-800
-454
363
-802
964
489
