158
607062
993858
314459
-376443
-539110
969792
316599
960740
689960
-809210
194600
189589
-161676
156285
-398643
755895
369033
914828
-840001
60637
-197290
-647307
-804943
-20033
771407
-276923
866770
569201
-99092
-947906
-795747
498252
398800
-461414
-133045
-275912
-846009
651963
-452963
489185
236169
272916
445
362516
284192
680439
-443389
-589958
607274
951052
620341
-773175
127688
971521
-731592
212722
-318085
483586
71161
-86120
748009
903863
-578600
-998017
776290
426492
-329459
161160
103981
147401
924114
167861
487791
-175608
-796520
-766611
347223
811644
-544420
-149687
114474
294281
-208462
-492627
213088
-900963
-563837
730153
-420507
-807112
407654
973293
-445493
557792
-603221
-714066
-956180
-805316
-818142
327227
-392330
118290
-308888
-124163
795353
415682
-172096
-121077
-586756
530415
566903
288750
-710893
470431
-562348
868320
923944
106933
629337
795929
-966010
-512261
761013
-204776
331937
-707446
205980
-229428
-555568
-457768
892315
580532
4883
888662
257645
613841
-287377
-485709
-28167
-769724
468645
962969
-64272
-93846
-837267
82097
-749696
-367540
107935
472003
656130
263125
-657337
-665677
184172
882130
-136928
-347897
