78
252325
362570
-622198
239823
-435713
-853362
-277748
-447041
-64391
-887928
-881994
-426798
-901320
814420
-552767
726778
332569
367770
701461
-700679
10932
449453
528244
-165437
698427
244639
-761593
-38357
149011
-6504
-431668
-199462
-895345
-96069
693653
692234
158640
-636716
588192
298223
115394
814820
-27635
347510
-305407
677065
-356585
-933568
-812346
871349
562123
316317
-242882
699408
-798739
251217
201502
386601
-245046
-115204
914862
-30353
-8558
-819890
45743
-460163
-598315
648698
91362
-898828
-394655
-81920
796624
-153149
13040
519243
670370
693622
