158
-644108
525448
400058
256396
880959
-490601
24325
364468
-327442
973991
-13701
-177887
-281550
775863
-790619
696167
166436
-308254
458773
987006
733671
648139
-465716
-810758
-640477
774470
-709902
265416
-2125
-245521
-108434
700917
-847480
971594
151856
631521
-757712
-502753
844583
-261703
885993
538605
112642
-634284
150315
666945
938679
-831472
662945
-304539
611987
353793
743484
-202044
845006
-598447
655708
-30802
-313630
-259201
254124
201853
695090
-313880
-89154
851503
-300325
-15134
25134
-904589
753596
231960
-52360
-114142
-523433
-756122
-290488
-723667
-525910
396496
-187631
452161
801822
-165678
-120615
-28111
-35243
182619
-678556
888609
32058
731451
797209
-730479
-358050
874719
-896059
-512543
-541070
-759037
892179
-561484
565813
175573
-698388
980759
37299
759893
10800
909030
544060
-816785
990020
-84950
618313
-163276
-349503
-210601
926540
973552
612480
768227
786902
-432815
107050
-777821
-652942
-445573
6219
692678
-438509
471296
-426727
368043
-610795
458873
21197
-902877
549479
50626
-658558
-147492
-716887
-911766
-992342
-418480
407164
568725
-774305
519796
-188904
702152
206337
267599
-567455
62955
583006
256609
