182
36008
957383
-536598
970735
955984
-411828
-541651
-973610
918209
-69876
979408
170875
978807
-566003
118480
-367802
129972
109837
234
225691
5115
-353176
-97678
8987
-713457
-703970
-366635
623008
-719171
-367342
-709505
-933575
-141624
371790
-951744
-400334
-718213
208569
-85891
582187
-199931
115360
-852217
413934
-341211
663572
60334
-140230
208473
650610
-481083
-654790
-563863
462621
-285363
-588323
-824706
837361
-629837
-288285
-544172
-732363
-804571
-135752
243522
-35152
465671
472404
12515
-887595
-565173
-982970
256472
943170
-679022
-505120
-904119
-870060
-965153
-540515
-497352
-927722
355050
408967
-973088
186862
862712
-471690
-179845
829965
-803128
936796
873690
440361
-569656
-518410
-363603
574836
-440191
749389
-779602
-983048
-988411
-32725
669465
72991
-176158
253034
-563672
276581
-461651
-666724
635256
734261
-362662
788502
31479
377748
-960456
-198812
-178055
-89716
510143
-479492
-928506
-379302
894893
-502850
-346241
-782277
-505409
447227
-219787
-478880
-104043
168510
63489
7018
-89341
-495907
573828
-631543
847062
901181
479223
-295245
-41056
603448
61265
790458
568227
-981657
656450
728019
-499889
-690875
-212492
425161
-505454
968589
-427216
-27152
-596647
660221
782507
-442827
-598610
-945303
-245731
280619
300105
-616585
-79412
-47138
-263776
713623
780976
5660
-527111
-98916
-768176
663052
