134
459461
688326
-507984
-761884
-767520
-156210
326398
210829
444359
-227313
924295
-27049
-598557
807009
873455
665557
993823
-19130
-818768
674690
-613293
-286101
-396453
515551
48990
-724070
376640
471115
811888
480610
-848423
636148
-799615
-925892
673281
-464043
297565
666063
94493
143520
-343408
-800833
252919
-581226
-457187
-279953
233942
207402
236309
-543649
563778
-573880
-241780
826802
-448027
523518
144765
-419834
-353843
-374826
726313
-531091
-699338
220502
908875
163168
-2336
384257
56980
54800
-69783
517470
35434
988089
940096
66587
-188122
-169326
29916
746762
-180016
116367
426655
-413373
328450
658139
-376232
191321
-274018
712677
-571574
-750588
-973349
880114
98727
-241443
-333542
-313630
628642
674647
813616
-791324
-68486
613903
341947
-609619
460151
176093
-747469
983314
590151
-170453
-17528
442385
-226535
790130
-102004
-249408
-762818
393240
-920423
-966898
991477
-642549
959052
585511
-66179
-645775
-114385
324557
325939
427461
-2055
792422
