129
758668
416617
470403
-329940
-8741
184411
18903
475390
529411
-782413
-547236
605504
712348
24087
952485
828335
-739699
751536
-922086
306850
745597
-393240
-178025
-599097
620901
-631117
-285080
-629461
-224470
-595032
344527
367804
-711099
22135
637588
789510
-933868
555328
550211
653774
544853
-381232
707712
705340
-747035
-229757
-643829
-338294
-582882
48759
-882212
244841
-594634
468639
557497
929284
-288114
11096
86004
-421721
768382
877452
4178
-170717
-864338
-377399
199704
818288
-24746
80399
103877
369938
-130626
-222631
-525387
-56098
-39766
-294850
16019
77592
-393207
180405
-730037
-255375
403016
922085
588313
175290
702917
-863607
-934163
-794967
285163
226523
-874099
-138208
-775842
-396997
869011
898900
-691257
397732
-852414
872087
-998298
413808
474058
634024
308503
619730
98307
896901
-709986
-809078
-606162
836883
-956303
299588
-292495
261733
-96323
-792919
928679
232994
-410993
-301642
470996
835040
-982459
