87
18908
-233144
677452
-368375
607302
232536
-368781
123447
-662021
891847
430472
981462
645310
203568
112535
505355
-938946
512548
-194044
-596342
437751
-280947
302189
261726
-264851
-598904
562387
-140692
866726
46056
528825
177063
95176
-394588
787782
-591804
29296
-484531
588841
-137323
207382
-568620
646523
854662
379904
702053
901808
-884265
-538352
209327
-135641
107635
591078
241519
897214
990784
753460
-637974
902385
555996
924062
-447848
739266
256689
305175
-635809
159665
254143
-819421
-454245
-41640
-645194
400317
-714203
-498799
-257293
-906941
-822795
65631
674931
777557
-809353
-916856
240122
-854118
-517641
-364158
