87
-197410
-701554
-271800
362537
-966151
-291079
402169
562027
-714273
675047
291873
-420866
427362
823146
-279442
-491151
-176394
254614
-797197
330028
333860
916425
-323733
407779
-711586
452488
985716
-542551
26915
-286411
250989
-585420
848897
73272
-927318
315629
-875928
360754
851536
146641
-79572
731921
758719
-142137
-719123
688559
-681274
-90927
454097
925366
-143995
-765398
-764755
-932046
-561041
-813906
-272748
847638
-517258
382915
430177
850143
-85119
4048
502954
-210798
-747980
-858929
-898268
-443012
851065
-511391
-139834
-652736
-225712
816419
-481428
676747
84141
-778887
475452
411749
93428
-467780
-222672
453285
-772342
